lambda: 8.072867 
c: 0.110204 
sigma: 0.177277 
